2 0.03828125 0.075 0.0203125 0.065625
2 0.41015625 0.05390625 0.759375 0.0265625
2 0.5578125 0.08515625 0.015625 0.0859375
2 0.175 0.08359375 0.021875 0.08125
2 0.7796875 0.3390625 0.0203125 0.59375
2 0.5578125 0.371875 0.0140625 0.296875
2 0.67109375 0.296875 0.2390625 0.0203125
2 0.66953125 0.35390625 0.01875 0.1296875
2 0.66953125 0.51015625 0.0125 0.0390625
2 0.72578125 0.51328125 0.128125 0.0203125
2 0.58203125 0.51484375 0.059375 0.01875
2 0.66875 0.6453125 0.0140625 0.1046875
2 0.8078125 0.62734375 0.29375 0.0265625
2 0.76640625 0.65703125 0.0421875 0.0828125
2 0.94765625 0.7328125 0.01875 0.2328125
2 0.93515625 0.82265625 0.0421875 0.0546875
2 0.921875 0.83671875 0.06875 0.025
2 0.0375 0.81875 0.0171875 0.0578125
2 0.4234375 0.8390625 0.790625 0.0234375
2 0.28125 0.49453125 0.35 0.0234375
2 0.17421875 0.42890625 0.0203125 0.1515625
2 0.44765625 0.50390625 0.0109375 0.0375
2 0.50390625 0.62578125 0.1234375 0.01875
2 0.52109375 0.73203125 0.0109375 0.23125
2 0.540625 0.69765625 0.0546875 0.0125